get_res
-0.03926612451616507,-0.010024592656617023
-0.04314782814592,0.000688710051599508
-0.007601059462195137,0.015219183656309644
-0.017503655085585546,-0.009720837577115334
-0.009061441514898572,-0.0020981989698137327
0.003781504363431054,0.0007583620551166771
0.026838331237080904,-0.009236038969993489
-0.0017684964306212136,0.007173374065809186
0.006964386246348764,0.0019805948928841386
-0.009288152097509383,0.004335004295710704
0.04478851111715276,0.011627837573154392
0.007159459672349877,0.011610197167601213
-0.009586809632984306,-0.012926807586134908
-0.019824579198028547,0.00998183357190598
0.003384564821724334,-0.004411106433378302
0.005909917742759452,-0.010702796534002038
-0.012721426962982507,0.016587134832292218
-0.0070566211511767785,-0.010502581041916925
0.01080689749415309,0.010342902593530559
0.04051214620425736,-0.004763745729463063
0.020229171706038718,-0.005037342995408428
-0.016943823229204402,-0.006155421082017282
0.006997860576926251,0.003831217609115851
-0.016538118276620162,0.0003684630034462427
-0.025474086485178515,-0.013175607908532295
-0.0001438628951092591,-0.005410857453579502
0.006563949805105107,0.002803696101000456
-0.03362548674101051,0.004591711915552351
-0.020546488987340572,0.012242179308982026
0.018235571022378716,-0.011100287263087403
0.01304500751414045,0.0037249564620044067
-0.0048055087231860805,-0.018685193051816037
-0.012231699059481183,0.009724574950323186
0.0078344921971224,0.007901761431115628
0.005003806159839641,-0.0011993080024665886
0.014147881390550787,-0.00378605278229714
0.00657875744460501,-0.01321260715908771
0.000552981391064411,0.002674625179607081
0.0165130619538697,0.003170371962413777
-0.007436640355409252,-0.008455824718160799
0.006724003973393788,0.004201931489251836
0.010774990339961377,0.003495641225656123
-0.006731522850042526,0.009245899070187913
-0.0003738131937980338,0.001429452624396279
-0.0011573427171556738,-0.026322896434094457
0.0061825511553511014,0.0018696667970360932
-0.016481519451350513,-0.006602993016222209
-0.02917867413503744,0.015397116515682556
-0.02483371084628294,0.003980754004310569
0.002157971540562964,-0.0068347025136778344
-0.009543263063582108,0.010483135540387052
-0.010598211910536892,0.005246085242322684
-0.025560969553727608,-0.005363185889333452
0.011549374716633254,0.01693382686324732
0.0050134398966252824,0.018845836583952672
0.01554551493776768,-0.010532190273451654
-0.011087006355874895,0.01633389420051138
0.029978308911235707,-0.014103994542037453
-0.030809549430475813,0.009782272010004908
0.020253381992980823,-0.0024898605192052135
0.041574712362958566,0.0028734022406726022
-0.019206555799259062,0.004900577034579683
-0.00972054734045702,-0.003501823911259177
-0.006125381699864374,0.004444405872040114
0.02756608577218561,-0.002964949607810765
-0.017881977608707356,-0.0066113009309072355
-0.009649270864385273,0.01406992581752603
0.028574590423168733,-0.012127674420714076
-0.004318577979216198,0.002269612877715035
-0.04319874054792022,-0.0016201043093429057
-0.0004297764440469032,-0.009288980135909449
0.011633400682692141,0.015219674866082573
-0.005004011088812876,0.007720708084281826
-0.006766163131908143,0.01118026409724089
-0.027799964316952197,0.008979588195905573
0.0002667130957677566,-0.0004048524583674662
-0.025237460321613392,0.0009098221546096907
0.04045832524401727,0.002157828791304793
-0.016301134591986344,-0.008298226668032559
-0.02165526112721905,0.004105647022149196
-0.02262400451531149,0.009272332336657581
-0.022431646979969078,-0.0009238237503907485
0.004960787411916301,-0.002570267950244993
0.0036017314235353703,0.007409489216959216
0.011680547518974793,-0.0022380622759245183
0.012473132411077559,0.009559292782633263
0.011213316160576303,0.01478331714354162
-0.020444353235693713,-0.0038889217549196824
0.0003570449848175339,0.01854183991932918
-0.00445143341427523,0.004078516669617566
0.004546151671045495,0.009834971285260055
0.007150104115325795,-0.0009234279012129013
0.007262821669512087,0.004787319460095694
0.001775006333152085,0.006386275040917426
-0.03405638021218893,0.0071602587896358455
0.03387134525540958,-0.0008504763932451987
-0.011460778128107196,0.0029795087511665062
-0.02345399395762182,0.012317458682058881
-0.013336265016227644,0.007245621252074036
0.011334556603284196,0.015108251797874917
0.003360144642769236,0.01546462359784125
0.028631626160648016,0.015210971678494525
-0.011551837363604434,0.006548064580612696
0.01135128653043005,-0.005088598455094502
-0.023319868906487407,0.02028230700312981
0.012128903825803061,0.008058697064357592
0.007796231774158724,0.009619722826411912
-0.010091137930292593,0.009269363316460475
-0.0061761051996546135,0.0013725641875514602
-0.010648990428302252,0.003962022109687095
-0.0012991305150937826,0.014620460354006059
-0.006494457608159088,0.008661116017320034
0.017446372354189166,0.007758115451359233
-0.007631956508583393,0.012464958819395076
0.017396868567679302,0.0013480519627346761
0.008873247213300184,-0.0018821288470253555
0.02864425499201595,0.008667698420157924
0.0034911841516034325,0.00025013913074776236
0.008338471027938943,0.013246463351246634
0.01866638793925446,0.007006679412566677
0.0004715651030268164,-0.005568830424104646
0.0015123101984669818,0.011237324929537724
-0.018710659392110807,-0.021779619583681423
-0.002593240176201661,0.005388092455775633
0.0011961336440276527,0.0008564760752984447
-0.012605683279753532,0.01626712149589827
-0.005244770363695639,-0.0051181718542898155
-0.011395310520658397,0.0010302811492455474
0.019306234524094135,0.010185131610461645
0.021673264762150368,0.01350128130347869
-0.021278234996489787,0.003724214034736658
-0.007114949445902519,-0.004835523913807457
-0.010245964221334392,-0.0025219199310453832
0.013701280398533466,0.00034857545562761577
-0.012713329662857487,-0.01128429293320924
-0.009044219694138877,0.0019173526130387593
0.011302385208332044,0.0031850729316578574
0.003348808549516913,0.01059557302185515
-0.01435226030623804,-0.00512710686097816
0.044750217852880914,0.003927458344196872
-0.0236086789368391,-0.007987555536142239
-0.024422040608260642,0.005066497676985271
0.029074569524480065,0.011638386817870792
0.0031865182500339095,0.0010861044709306704
-0.005544601876342314,-0.012878151075232925
0.037067240775255805,-0.008632930859266561
-0.006906492029514655,-0.005174312585829251
-0.011481681697278645,0.001035149868098528
-0.0050633608239646355,-0.013672673677101337
-0.007880671771436698,0.00395510345609844
0.00154897935429954,0.001318975488582787
-0.027232682252945783,-0.016236721871304503
0.008278092984918106,0.007849489920555796
-0.012018125585173012,-0.013191220665821507
0.010111255116548867,-0.011665803171485703
-0.008526902547036364,-0.018002325207663913
-0.0068140622580329935,-0.012320443207000096
-0.02737192773749003,0.002994026785304923
-0.023542635887447427,-0.0032052068957943887
0.014324639845952725,-0.008582128217047581
0.01664567488944796,0.009063873279625647
0.014870348072854311,0.0002470943605671558
0.013930688728884921,-0.011513423792849715
0.021809949535993745,0.004022788743846359
-0.011617148985845815,0.003946801282098384
-0.02365434174400377,0.005957083588765011
-0.049321519577532835,0.01492376918076861
-0.0365774917233645,0.009288203963594048
-0.02254313917159828,0.006310593613598713
0.0012922413897388796,0.0001895980724993698
0.005461774538593089,0.008527142872615924
0.012028378157726227,0.005007309517242906
0.01889654978642341,-0.004430260605153127
0.0512753166629521,0.0028397649803963733
0.02614295378337861,0.024792770971152234
0.02861248690917334,-0.005505002632595197
0.007328858090668522,0.011027314208522846
0.007052817472702977,0.003211056340167681
0.001381828707445687,0.00023440991754905853
0.006960497109875952,-0.0017299630865270678
-0.01423097772456866,-0.0008503754926409163
-0.014542847045196483,-0.012243033166528337
-0.009603713863572005,0.012530825456291642
-0.007287443870182042,0.009017957709383103
-0.006199669966970078,0.001961713648800085
-0.014731841295478776,0.004134468626704731
0.00018435433317348648,-0.004453484180968177
0.02126746274795943,0.00346736851979011
0.020798193772992746,-0.01929049505916576
0.007058913068214989,0.002511464120859519
0.02017730473135848,-0.000579750687204594
0.031222265486240464,0.0011549268256056933
0.004860496377788848,0.010791007704705684
-0.013280510152076985,-0.006857445390469793
0.026777003070160454,0.001756230880139903
-0.0031986895363121937,-0.01186937147942041
0.0029876097662087098,0.008613662742652219
0.00037571671300318243,0.01310803728142398
0.011451150315474223,-0.002949432349923644
-0.011134164254858914,-0.0007183651337948748
-0.024481491040233005,0.003262901334556069
-0.01654225632871481,0.0037140355525962327
-0.02308547747509776,-0.006703096162962057
-0.002029268150145036,-0.004833381586809189
-0.014612758694192207,-0.00044400122292372925
-0.007577130624628392,-0.0035562412584833024
-0.004797866674084106,-0.005172828945834675
-0.0058951983843716915,-0.003954205585854014
-0.014052292496088636,-0.0015584994979572532
-0.0017276352203384748,-0.015197239016557128
0.005694498266952452,0.014526312504650779
0.013075174624664121,-0.00822322081511117
0.00518307496778847,0.008085396865607743
0.00858358875370302,0.014922463807048161
0.003940247929932472,0.004625190900334726
-0.012818427605334082,0.004392640803743263
-0.015096174817505137,0.011312864651939408
-0.015452835717200575,0.006233933466000497
-0.010096440751336977,-0.010625172426615297
-0.004718314558705972,0.0012939061359628322
0.0007853947942014772,0.015366414229135057
0.0253047978501722,-0.004846789511089458
-0.013476966836405313,-0.0038039753504512134
0.027085957997267318,-0.011531260463371091
-0.012506255479855621,0.005368198395593718
-0.004513539782583065,0.013886923324149297
0.012715604008835257,-0.012118011956830446
-0.013229532306327785,0.01224690994295585
0.0066271763967468145,0.0032017493089095145
-0.01311988075127013,0.004780466313103126
-0.011247500518831832,0.010263030017922701
-0.008796617883204738,0.004431298176924772
0.0037733371632451274,-0.001210031845054185
-0.03445329335124958,-0.005660230311890728
-0.0035150796124034933,0.002548691838185853
-0.011709631857376834,-0.006428423528142463
0.002390933563194919,0.003963919131990849
-0.0016054218476536652,0.012850326161184183
0.009157223798126335,-0.00011062374719974372
-0.03305165609145311,-0.0019338265169909791
-0.0022298603809104423,0.014450798145394572
0.025543810738893613,-0.02018454100648782
-0.011820271950099048,-0.004258527977499819
-0.0025735722938778904,0.010632316057615844
0.009366150996602984,-0.004928782662867651
-0.009059443436115144,0.011287160320083848
0.01753934443708771,-0.009876992265767017
0.010551824478029659,-0.001888292064250707
-0.02477225098228747,-0.009302603230175588
-0.02980588030729775,-0.0022944227023042
0.014018271556549555,0.00644858587592176
0.025519761634949734,-0.005615480764971542
0.01637249289006365,-0.0006622928836359692
0.01678340807636336,-0.0012045470849635553
-0.0014109888141478066,-0.006087948636979746
0.012978860747130616,-0.0024343574718497223
0.02751676518079771,-0.006145003748134457
0.011054827924849797,0.012023164435557222
-0.0007628207957476874,-0.00596171791621597
-0.0353026884840103,-0.0019728900712022678
0.008340701410993023,0.002387101954377552
0.02256461751956318,0.0015429170704129025
0.006613945876290106,-0.005147977451396633
-0.0254726939532936,-0.007153148174741533
-0.04817519138377507,0.0026162095962498485
-0.01225277071204045,0.005421065900835475
0.00011959379811865567,-0.004765185182518377
0.0273850391632241,0.012008414902124074
-0.029923171048417352,0.018031416164226582
-0.0031454125752275464,-0.002412963142816837
0.011493713542391482,-0.009370280012327918
0.004067686699811612,-0.014011861563146844
0.00251593933536709,0.0007154654396505263
0.022833600058081494,0.013196359747750606
0.007180797799687666,-0.011065736783204848
0.0023368331604805004,-0.0019999922825359694
0.01375535752359669,-0.004464085868635899
-0.03784163168954435,-0.004660647104292133
-0.025190606217162348,0.006203304374741911
0.009744487828905246,0.004237683962705453
-0.04646246528046161,0.009991395975232083
-0.005974014428642205,-0.013958256809646864
0.0012321244891280725,0.006610595295611252
-0.013896764461708178,-0.013246306707374079
0.02597152195144281,0.00987310016957351
-0.0013041736946064475,-0.0030911353720871476
0.008263868006884334,-0.00973253783152454
0.013746913426102791,0.0034806601081931975
-0.005206592916954411,0.0013217610975570521
0.016437013927004085,0.0024576498269876235
-0.030265362340557433,-0.0003837142557392122
-0.0028677002996004286,0.0053240580379486195
-0.012782665730528997,0.009754705051594313
-0.005415111366760095,0.000346050511769635
-0.021771988493110184,-0.00508760605609326
0.017015141696014202,-0.012847194418483577
0.015481842894434938,-0.0009334251598558038
0.007311416990871122,-0.009907517590482865
-0.005468794863532245,0.014074029474004218
-0.0016512023887564342,0.008962926124605914
-0.002795441535367482,-0.003196178575431469
0.022497735542606312,-0.013924138665483976
-0.004311616402645491,-0.010331002233114023
0.002117197960274153,-0.0013125474528769589
-0.015451218118992693,-0.00949377648812419
0.0015345648647884236,-0.011757111575315301
0.0031949925217785724,0.0071358131458002065
0.0032135345850280994,0.006989686210531965
0.005382636704766186,0.004433139796084122
-0.0150002089351991,-0.013512557048648812
0.006490568345608294,-0.005563032438597404
0.015589492103940561,-0.0007157358433332647
-0.018682442660820198,-0.007223808018182076
-0.008080488356499549,-0.00023044955601961162
0.015388913118428493,0.005678021261290254
-0.007046643384134799,0.0012600714020137155
-0.02502697853826047,-0.005098604230013744
0.017171195566367925,-0.004009004925444008
-0.013604912434418137,0.011164424016346873
-0.027825853432955017,-0.003597579496571731
-0.01394561604454847,-0.0007403544612205187
-0.01664821117407239,-0.014791368287546562
-0.002745725863628423,0.00879566349277671
-0.01141459499212305,-0.00782297331873592
0.011891724829120043,0.008834675327122477
-0.0016895607864608753,-0.010214100977739306
0.02445287834692078,0.012517222969835418
-0.007065581945634503,0.009116420272763808
-0.030609425890599118,-0.0017327453505893231
-0.004929706728273753,-0.007800142054804648
0.001444738642056298,-0.017900038931060736
0.05573882302088007,0.0024187898334099654
-0.014087757534768486,-0.00353712523409345
0.002380296395973147,-0.004768972659005551
-0.0009655883943440746,0.009800999912331673
0.006537289071308627,0.007415325336911176
0.008608387819499186,-0.009656920437105004
-0.0061510169148811245,-0.0061894165109709
0.005088572873943764,0.01410186466836199
-0.02306126524665525,-0.012506851412935699
-0.0023665140644368865,0.007979909540303993
0.005136343252661879,-0.00884132958903312
-0.00310964686003945,0.01726606293000816
-0.00937389369930075,-0.0017371074226732001
0.016060188568041922,0.00859856668455948
-0.007020832595059423,0.003982226637059695
-0.012847306971019767,-0.0010905825850926506
0.0294914291781726,-0.008570540409425861
-0.0016751303957120434,0.002429004271628772
-0.014113634060639313,-0.004070182735290322
0.008223004092868469,-0.008181404209712287
-0.011473165655068285,0.0010576792855483078
0.0057178416502684515,-0.0032427117051643172
0.00853940156257782,0.000989684659259027
0.00012783798863758022,-0.013120037540536245
-0.01140131313875703,0.0005723486689175735
0.0037015980126743897,0.002670494819080002
0.00021793042989493028,0.003709097185992674
-0.0008537491355807836,-0.011749996429227137
0.0004226191720912986,0.014140601417906061
0.021037488265449822,-0.006839074859216614
0.010553816672284555,0.0016434239979829512
0.009586923513211165,0.009797741306748181
-0.00037883981320013804,0.0004875141343539044
0.012649705243950149,0.0010991367215728038
0.013399752002799692,-0.009490972772512143
0.007524922817205126,0.0048750537388954854
-0.017449920126683005,-0.02709026310047774
-0.013390315705372413,0.009624324922341186
-0.0013650822122013295,0.0018446419481430026
-0.01777710078148398,0.01104164156709685
-0.007521466607662619,0.0030031272473704856
-0.02309946424063053,-0.005539479112686884
-0.03239721985495464,0.007551730041873456
-0.028963798289853515,-0.007568382882820442
0.045710596138289594,0.003059538799724945
0.007953643325330995,0.0007615060959185564
-0.0005434882257944196,-0.02365116184385546
0.03949905005687532,-0.003461682568192268
0.0018000457140945891,0.0007621217187157364
-0.006347436050513577,0.0038265627330594555
-0.007288512781370715,-0.0018235186541664394
-0.01899903444162493,0.012464236926884247
0.00573677971472264,-0.004925074786218061
0.0219527105297479,-0.011948272075611378
0.027572692179192337,0.005584462464014861
0.018177162705950378,-0.004153025115083791
0.004370883025769434,0.01995721137260746
-0.019771847604746262,0.0008607707197815385
0.006354582743766546,-0.00016079880605020247
0.011508951666784395,0.0034038516587918104
0.005665320762662018,0.010486091062098817
-0.00679993227017206,-0.000741028719345645
-0.0074293940511862555,-0.009771815025506565
0.023143725208577548,0.0006868504725679311
0.01630822168557161,-0.00727296595582132
0.000529244520792338,-0.002363988134772347
-0.020132398097759685,0.0018051596481901602
0.00499979813429402,-0.0022956559470778326
-0.0032044204800708576,-0.01901735569746549
-0.016026923461704257,0.010348861936762065
-0.03855573997610606,-0.005113479771094703
-0.022919382623146356,-0.012269299741206526
0.027949717124077733,0.013811958297016945
-2.239318385721667e-06,-0.0017111951994783804
-0.0077163375038834525,0.006761856573517271
0.005423291911959116,-0.021740415657539286
-0.025346972839340898,0.019263249523294175
-0.022399773135100776,-0.01295039155068744
-0.005055240862068766,0.007033321881933478
-0.007900446531836525,0.005148677189979357
-0.03161776958128809,0.013322534523499512
-0.012085358229984078,0.02756305147670174
0.015815304249185813,-0.004925859368241865
0.02100126381113787,-0.006442853114874133
-0.0009932007433987589,-0.0020670609952761834
0.02076833616415541,0.0009269779378073256
-0.006688136415985868,0.0028081395393942006
-0.005190073731592859,-0.012065153865466126
-0.010793533264001398,-0.003033976918408919
-0.0018340049856331864,0.01092360739655253
0.013693361928926784,-0.0013229739825175906
0.008990414250081513,-0.003272143927206053
-0.00466184121902713,-0.0012099862439650783
0.0001481884031400149,0.004056956491734884
-0.00022300917885509364,0.00016589504489192622
-0.0149801650788276,-0.006375214020340419
-0.009009741896769063,0.0021419394151984588
-0.00321058149930753,0.005683575526791652
-0.031048218349541024,-0.00020040242923998527
-0.019668607320190823,0.007218352535149855
-0.01323165011017946,-0.00017998729605547478
-0.019550145374596817,0.005210538088136569
0.0031459612089635436,-0.009085103382232593
0.035797746953389775,0.006926245831992948
0.006997947394098092,0.014575082759283755
-0.005847486631158916,-0.0061223330653984755
0.03468647130943864,-0.007977613687650768
0.020425258475914254,-0.006219474268537865
0.0018649032950852629,0.0023221554995865
-0.0027684455961837218,0.019217423355213197
0.00455124498052667,0.001982181336216188
-0.007632887514399944,-0.0010957025723083804
-0.0017667290593126328,-0.005581954502171031
0.027204374697212375,0.006265649461580716
0.029736037066021126,0.0014777527634148371
0.008773670442082437,-0.006375160463112357
-0.013496420301976342,0.009179697558290335
0.022162076058597657,-0.008798630765921512
-0.004055205510059667,0.0004958693740564407
0.02382670967580658,-0.013902418429049223
0.009957374409966302,-0.0026113957316066115
0.017427547769781837,-0.0021939282962578155
-0.007631330064449049,-0.021116560224726015
0.025695650903888256,0.011830853738519819
0.023419628397109205,0.015583418022467165
0.011459540567864246,-0.0032727647992948513
0.03209480334583226,-0.0024942920655121248
-0.018542012991619228,0.0034128145801716817
-0.011187717074706005,0.015233889003249495
0.017052524308760253,0.0019590918464480484
-0.006507565081906419,0.0032492428996686376
0.018635801092063087,0.0032256425896700722
-0.00048567046927650015,0.012821731035543994
-0.004799638021862895,0.009302206418313023
-0.0049668076370381065,-0.009432020769188067
-0.015005291047947344,0.013160367917592867
-0.02126863507708121,0.0020089879726382627
0.004437300712057501,0.025512894119778813
0.001960945304971373,7.926723834039001e-05
-0.005164966924554593,-0.006064934621454233
-0.004622819345067863,0.003690378443869982
-0.010140550682120608,-0.004708560004272301
-0.033442288229658834,0.014153232323143784
-0.005986374743502387,0.007951750399768443
0.01694750059002703,0.00014133756943434002
0.03526805270535793,0.01121220703522055
0.017112334119991246,0.0023935388306506582
0.038213732465962325,-0.011612192178904015
-0.035246174935735675,0.002990770408567567
0.016857504343200547,-0.00425796320743634
0.01780406247358901,0.011524491505016785
0.00698949470435517,-0.0059097945570436
-0.013232932119416452,-0.0029953217693424747
-0.0033402872304681974,0.004875573341260025
0.028042341539195992,0.020089198746038706
0.018535171922418048,-0.007704033263381576
-0.04024900572994283,-0.006399039547097314
0.033608609024766034,-0.017643942624408854
0.014322606239067448,-0.0038348152393096256
0.003918188603145245,-0.00927732459719603
-0.012012117338008832,-0.0018992667782248085
0.004733962911626366,-0.007111479005789257
-0.00924603465465007,-0.022550948334477457
0.017936308516566135,0.004118711504536677
0.010451271004902007,-0.01794450364314421
0.014088699229066304,-0.006433193482077444
-0.01153476292218203,0.004986237142906554
-0.004545708705038842,-0.011917675279273808
0.013681863017584894,-0.0032050286634760904
-0.005589362094170269,0.014335051336339765
0.015429697384192642,0.010900483932717078
0.012366169524789805,0.002330153634892248
0.004028616526153717,0.008231609304783288
0.024509482299963803,0.0027117885511129675
-0.0055974456226531855,-0.0068220914458954705
0.015971541063756256,0.008077085516136099
-0.0019124876185665496,0.009928951385616776
-0.01731125848972137,-0.0009957452303507308
0.01176159868823462,0.0005104299872145095
-0.007040273875345893,-0.004740295446667652
0.01027318451573872,-0.0013527912272592695
-0.0031760544987288752,0.0013394327014815063
-0.015864409454461548,-0.004790307653535767
-0.017604123832651974,-0.003704123505264471
0.008524750860871788,0.0082240865232145
0.019395781253349953,-0.004670795243217049
0.025725345291569945,-0.008548516523947124
-0.03372348741361558,-0.01305920704209195
0.007122219859495016,-0.011855298789097909
-0.009331168316780047,0.007275985937978685
-0.0034409186577529227,0.008261753187382485
-0.010832128521054751,0.019661949191812793
-0.030715061721059644,0.01365761702354593
0.0017689658081522786,-0.0058971775652591815
-0.016001979199285643,0.0022084003463852097
-0.002622637822463414,-0.005599391473799159
0.03094535463678827,0.010545094150112568
-0.022751180315352837,0.005817526909375833
-0.008889032643742967,0.004309715332178922
-0.010260739438358646,-0.0006722143539575794
0.015715640943803788,0.0020964126834974034
-0.0010618887965981871,-0.011633472510364645
0.0064189034285346835,0.006645446745683481
0.01127815789739961,0.011618178255722162
0.012603549697545124,-0.009545426224277714
0.015631840737719838,0.0003440782690341459
-0.010508671616788978,-0.0041068744153499506
-0.01010450065889451,0.012493025069557573
-0.030209540220352826,0.003101358594156039
-0.01756468428392477,0.006804849504145893
0.012418741317204773,-0.016534563550866258
0.019987145222282676,-0.021796848047826382
-0.007859030650943233,0.006080711423470012
0.004993910817240321,0.004542568163865054
-0.00981423724294983,0.005595519368185237
-0.006307422959311526,-0.0013638434715303373
0.010046099856009127,-0.0024605889402637008
0.007745396995091025,0.007078543468460659
-0.016660017217866918,0.001762904254196675
0.0020946861071891587,-0.0077671147854255235
-0.01732506369021103,-0.012832586031942633
0.007779219480799848,-0.008267618605034869
-0.011174716236968585,-0.002390623436211781
-0.02572956745445243,0.010602381681292863
0.0009438759819456743,-0.013044126381561959
0.0033083299563672064,-0.0037636001218163935
0.0392797925876191,-0.01804089742124685
-0.012884893026624544,-0.002403953825068906
-0.027104326157915304,-0.0025563281780357563
0.015295261854762543,0.010684031087021054
-0.027080539091513867,0.008654554063266557
-0.007207003359564812,0.002658910200223321
-0.0023454179457048085,0.01398450368360625
0.02414075696562973,0.0025213240104353064
0.0067382768063236065,0.009530997431618875
-0.026193152410539045,-0.00023550500688745545
-0.013225785933458023,0.0037533073315325505
0.00876313454793437,-0.0036287922544660997
-0.017718073935933276,0.019206933923982858
-0.006229011717768573,0.00817944377009365
-0.01209237879836561,0.0021242914778023137
0.0018166741427930178,-0.02225912545941852
0.005197666425276748,0.004965419945592743
-0.01834585618062573,-0.010485619041898497
0.017011564323873407,0.003987522370982375
0.005549345231043168,0.007529772288631128
0.02459897191786664,-0.008202410399281235
-0.005128568937984079,0.007544061974533655
0.03179077200985858,0.006960064674836698
-0.0060993916195452025,-0.003760148041924011
-0.023159925358810507,0.008451817376827457
-0.03997375483622895,-0.00513266241735274
0.0001951480995628918,0.023020083376246142
-0.006655626334945652,-0.0037664093997618036
-0.01065071899043607,-0.011247677753450574
0.012165150836573047,-0.003978180439673766
-0.0023317407416161284,0.0011262627157898539
0.030081668529263195,-0.008544339349891867
0.013090419272897058,-0.0029085403403506715
0.010570043277661423,0.003645588552924386
-0.020292533811143043,0.006420036217972855
0.004369781611999135,0.010245820681241748
-0.005100818564522325,-0.004883483345600835
-0.0138299500883442,-0.012480187325575211
-0.0001994954036146912,-0.005936554137906558
-0.01601179340922798,0.011549638432626023
-0.004636433275035046,-0.003722193506194028
0.011484960381217768,-0.0027759308246776138
-0.017505533702379783,-0.003699509184059208
-0.0059226125085115044,-0.0005245136139888258
-0.030095982656430875,0.012947510910681293
0.012692558698313539,-0.0017121835202436931
0.004251041671281763,0.005090301039250244
0.008728620889663585,0.006277525332356995
0.003269798773256838,0.000123503798826456
0.013650502408810106,-0.006704194628570835
-0.006960819705765953,0.010685986084885706
0.003804393034774145,0.0029338171101102517
-0.0037495969233179993,0.0006407585290116235
0.004507088154969641,0.001285218787649936
-0.013858780654799618,-0.00047405617663840924
-0.008819278972699962,-0.012431862742571569
0.01643716797271011,-0.0006933350637196509
0.026101670969759294,0.0023165781536247636
-0.01662377250448549,0.01018981452678522
0.003580212124306703,0.0026310725153329104
-0.03237517842046017,-0.01199435736537275
-0.001840606065708017,0.002179152151190562
0.007084240221703453,0.0037295628617171343
0.013941216642631593,-0.0007997599531717899
0.04604390305463418,-0.014384956399955053
-0.05170788181112157,0.008990550046558592
-0.004008563063211401,0.0017253361841488828
-0.004538820702925717,-0.00042127314324935487
-0.0009039798385939157,0.0035212032610040245
0.009271744203152577,-0.002294947845049503
0.020606623897111764,-0.0033768410162167695
-0.00412143066692483,0.003402363427009719
-0.029522859083825848,0.0003824396824314482
-0.012707594858567872,-0.010189637567308556
-0.01622808460746994,0.002349558242246438
-0.002722764003294076,0.006301293634606008
0.003939960594373959,0.004628222475317967
0.019154522900321325,0.0008404652342436886
0.02705439480723515,0.010098963908780782
-0.012013613392599765,-0.017782788958932875
-0.002016241657871065,0.0015415602471553595
-0.011764237406698352,0.019548032101365624
0.01312219045112345,-0.0036010921260093073
0.007067559440258275,0.012812586997837884
0.0031737260887897967,0.004846554980737247
-0.017548412210859843,-0.014677563797069986
0.02399325540907188,0.01435078956426678
-0.0033640035163005066,-0.001492992131483779
-0.002949317785603589,-0.008121519361393017
-4.11629548213166e-05,-0.003776550762668924
0.009472578978133583,0.013417976500887517
-0.0035371784941354845,-6.088852554167641e-05
0.02199903046566215,-0.010563822134423471
-0.023672368621190654,0.016655565454978222
-0.01501949717314588,-0.0030817433631265584
-0.015568759257414078,0.0015743062137354106
0.0021216106333851736,0.0013610453040963297
0.0417640365688316,-0.0009305204212232913
-0.011148580411757092,0.002153956156807804
-0.021451213812112124,0.001955579848110292
0.03319836707764917,-0.0006839137241832572
0.0017710301974921405,0.0013370904740127622
0.009133397344594285,-0.010928501379291335
0.007581604930458452,-0.0013279735765637304
0.01260256210024846,0.004268639732759032
-0.004737818484604639,-0.018218512001240837
-0.022211285769759226,0.009562671889098685
-0.007151757998838104,0.010299327271764115
-0.011029243541179956,-0.016001205183853145
0.004753929203205831,-0.0028470683767240924
0.0070230051463663346,0.0016752088831977216
-0.014130486396970232,0.01213742742503262
0.0009288399505145706,0.0023698998803888763
0.011114864574184313,0.006414651569614921
-0.0014489312333011428,-0.003975971494782809
0.007541904576779279,-0.007340666296603648
-0.006380823190624552,0.025841756650850478
0.00166720396246256,0.0036683335187758046
-0.0027713745253812316,0.010899808555855336
-0.004456039958048719,-0.010608883529407798
-0.003812759948026656,0.009017550355784157
-0.003757491025931259,-0.011144957825451997
0.0003067339584932882,-0.010068174956849738
-0.016026726550071924,-0.004870650864172465
0.019292970973692702,-0.008502301656287316
-0.008218210556717787,-9.097264404441495e-05
0.00028452773972054146,0.00044931453386076563
-0.0029048534272465565,-0.00036711525402347706
0.008246004311864563,-0.0029568386721483073
0.025829739897218207,0.013398764680962317
-0.018076036691663577,0.00940116507118118
-0.0074636659244237125,0.003958286441311795
0.006289320309104118,-0.019413726026351916
0.014066950462838124,-0.0046100189683065985
-0.000939668764656898,0.0008270562318329136
-0.006981027433630327,0.00864263160642284
0.00044488811843840237,0.003654796461948155
0.013277106361195279,-0.009302798698772236
-0.0033964523475724095,0.0013407391149748062
-0.016188359082887627,-0.00775113376131349
0.007669481398197009,0.01285473622808573
0.020057503989615477,-0.011720374475980304
0.01644442980182753,-0.005681096142755342
0.01681594548278903,0.0027948170347453396
0.0013150622336943751,0.002699675241817339
-0.00980111954171603,0.009852552487529557
0.024987551993430335,0.007145544403124163
0.0020177957695861615,0.015029977083505156
0.01959138155225104,-0.020900057175106193
-0.004216984461185291,0.018632602567096132
-0.013685623114656875,0.005281029758316184
-0.016493832511920603,0.016691085198563743
0.0006153932980900167,0.005483943708443108
0.006190655479692553,-0.010548808646540966
0.004099265234771887,0.017726306915497373
0.0019115512343836905,0.006833193966474001
-0.0023722522299152726,0.0066649118739003175
0.02610625198090305,-0.003606871315544307
0.009950411815728533,0.003321062557703394
0.01907669017104252,-0.008838473022912997
-0.011255848298899196,0.0010333734955335645
-0.001822700313675707,-0.010898678437233689
-0.014013550875401348,-0.002894939377653518
0.03803069298763079,-0.0065333823067223774
0.0123156126489255,0.003720986383870504
-0.008196672202096134,0.002456627202745872
0.007258381359275035,0.003116556227407118
0.0031821707014445533,0.01222838739400868
-0.01094630226934179,-0.009506914733615724
-0.004515774230247072,0.021958774278443637
-0.03699658166837422,0.00754147085585751
-0.004137278708957859,-0.005831582963006447
0.017035883458928258,-0.006627775032805294
-0.01248777668058948,0.004992422606787646
-0.0015926759846416338,-0.0089713808006205
0.00646034540935575,-0.010370159737412104
-0.011510086587705914,-0.006977984247680189
0.028122277557628528,-0.0033621387347891035
0.01269552208379332,0.0036929986812917603
-0.0011071048286938057,0.007267650643542834
0.017754386813183032,-0.0023507730373044378
-0.011940382715466935,-0.012739194677515523
-0.013448333323743622,-0.004001450808511024
0.0030343175676625367,0.00127592556341472
-0.0076892634103425395,-0.008294531999885047
-0.006492119178106437,-0.0054976344172802775
0.03954422644107963,-0.003102634590545758
0.023043738463967012,0.006428719419501294
0.019210542420517063,-0.0031840508584538834
0.04629069059192692,0.011387429693655405
0.015671512055647818,0.005666470618071143
0.011256128927845277,0.007083729874556206
-0.016607407305050725,0.013703330161813333
-0.014269406657744899,0.005029426072762304
0.008942579248808258,-0.002927930750069553
0.021733492555304768,0.00020654875193288139
-0.018212848473952048,-0.0042301464305047574
-0.021017162668330647,-0.004209770841858121
0.006409940836845041,0.0012614979826869183
-0.01033537173165644,-0.0015733416873097367
-0.012437393466024294,-0.0027523705017381047
-0.012935409470660408,0.0012277849384708071
0.03567958054373943,8.098226573808893e-05
-0.002200095514454381,-0.013281531860020396
0.02074823388173419,0.005005465630693323
0.01097000238201351,-0.00018899789630423547
-0.0003123527949314142,-0.020638053890803636
0.006946843760022525,-0.009468693441738967
0.035995625026757516,0.007228510571297978
0.015693283493223353,0.00877649533535348
-0.004114373711032848,0.016138079762524963
-0.030065240470704913,0.0191079846188966
-0.006579211090516179,-0.011910661468060538
0.0028844778241955416,-0.010548930939203895
-0.005613483305608624,-0.0043676217106371805
0.007439297438824044,0.008847455105533284
0.03817544197041617,-0.0026963607080305665
-0.018910037800013935,-0.007244665943201788
0.0014359600361205094,-0.00011612074134323067
-0.014593586919139145,-0.00887274182919031
0.011130485581377969,-0.007840020677805697
0.012531457864817408,0.006287108105510815
-0.012696127200917173,0.0035208471557119925
0.012250225457173358,0.012312635644548098
-0.00359008407117245,-0.009236275052822446
-0.006239032379983578,-0.0017814609911106245
0.006336591063148156,-0.004958703989438307
-0.015614476722979997,-0.0034010719715414205
0.0028222199151958227,0.0012007873077735805
-0.004463160052285919,-0.0023312463038450814
-0.005114434499031151,0.005850883950325085
-0.002661907477659764,-0.006340046558233468
0.0032179484639761613,0.0023268425524405403
0.020373333431981,-0.013802418931887646
-0.01660345530416324,0.006117350211450684
-0.013829260826413059,-0.013125602944926448
-0.007034296052380817,-0.006185353798234816
0.00781869602127061,-0.00021980495698050318
-0.002646041094638951,0.005363755670889963
0.011043170554116188,-0.010385619570916854
0.005390583001647631,6.099112080493185e-05
0.023360482427519647,-0.006640116528833562
0.017808647791952237,-0.0023348871640861066
0.005324671322080754,-0.02631785517331208
-0.02465591289073099,0.005638786974076052
0.015128396364849639,0.009550217670451187
0.009673114554051232,-0.004130061742135883
0.006840299525108784,-0.001976536455216853
-0.029955171200489517,0.007493786766142221
0.00041975215118167375,0.005969963178731167
-0.03862844242146657,-0.007303697769163742
-0.005081858338995271,-0.0029608233680726093
-0.017546700969879092,0.010472164377514966
-0.03199115824156029,-0.0007731573058596102
0.002578651453847003,-0.008907378044978653
0.0030580675480392783,-0.012648783275908957
0.013076349915501051,0.012198723550231582
-0.0011550514371050369,-0.008112376545214316
0.007635319054667022,0.00391899846670443
-0.011892900193613998,-0.0007979241688730043
0.017183995237036898,-0.005486498432482098
0.013538821291128156,0.013394332058198061
-0.012098085701418737,0.005723634386954156
0.013337908739718574,0.006043440245527696
-0.014653582822263755,-0.0014073578840246518
0.0003517453442546392,0.0008130575132449989
-0.01975472981317511,-0.009131129222529996
-0.026690384789591848,-0.00032383342258153914
0.009866190909037453,-0.004393395247034559
0.015682062450203926,-0.01226714625997562
0.038792176350121776,-0.005641429693983298
0.0005662184059574416,0.005892418971909924
-0.03683181050471107,0.013985918402463476
0.0005677923554784914,0.004592973655127832
-0.019727727015133756,0.0028232726175912645
-0.026736842819204798,-0.006581251112563928
0.020058047542169444,-0.013116900268224766
0.023826512880206263,-0.0016905678002520092
-0.01933545982424295,0.00031101462758790707
0.006107513820046484,-0.013232417839417148
-0.022963158503897962,0.010001641511383936
0.0008463615348450193,-0.002913889599836128
-0.0062094587354211694,-0.005848445116880209
0.010501599168345033,-0.006123764177257484
0.023049412543329484,0.0006472278760926951
0.020844413948087948,0.0064495683224150245
-0.0012870641463876842,0.01550021253850798
0.024938157052454835,0.008690980535245621
-0.00209131663316664,-0.0019994491221312673
-0.03427309614539553,-0.001444999704893325
0.005107793001088323,0.008411482614430464
0.025006888895692914,-0.002018156005872516
0.0032126265431573486,0.015278315659287011
0.026924432041372015,0.0004416103908565334
-0.01465983688735667,0.006253332741753973
-0.011098155014481526,-0.002767335308571893
0.01873633492088117,0.010008908994752638
0.02370088859308045,-0.011143479452092844
-0.005387874388254554,-0.0007998822509066609
0.003430355104991012,-0.009443041311097012
0.012353722951845947,0.007266403456488775
-0.0017652903786974927,-0.001493636271670552
-0.007026601776672581,0.006617587315121123
-0.007030892761605678,0.001254881416526011
0.006668989988679874,-0.008806413028834455
0.008352389652087011,0.0072761457594451035
0.018684230967552895,-0.009896425504737405
-0.007912486960616971,0.00012802261725621423
0.015298148772689424,0.010784459680705811
-0.0247967590448408,0.010144517540942154
0.008584428398466237,-0.01091163434699985
0.005710895035548058,0.012575093820919503
0.011209406729951299,0.005901447497680699
0.0008544031392906382,0.016994068499255503
0.0099650253017739,0.00020412042898768773
0.0231826720086451,-0.02400612115812297
-0.0006321647111422468,0.007258973131584863
0.024896370596876327,-0.012747113036316891
1.9134994912572978e-05,-0.0023648853514154442
0.006031473567362722,0.0021290673614335794
0.0031264263666064274,-0.0035535123307726514
0.005457210972409754,0.012375989670561366
-0.01938176010810344,-0.008370328682722526
-0.01773183799622624,0.009564212200082006
-0.012783611010951212,0.009712925856774008
-0.021157905992257864,0.006053323940355536
0.017805374803400775,0.002292047629525497
-0.02041741622706622,0.005087012307575958
0.02370394890282529,-0.001882443619277024
0.04566691878771739,-0.0058136055066150775
0.03301763106462141,-0.0058049957701267856
0.00012501402760256575,0.012184295095556224
0.0006422179814636886,-0.0013265160276778962
-0.011249614436358524,0.009045217481584293
0.014916476340277929,0.005289879719025531
-0.004068900371424933,-0.0012959196050267197
-0.0014410090917408858,0.009363684855593517
0.00595902190361125,-0.0004935849371284044
0.010075654889452612,-0.007964395866766264
0.008955736257303837,0.004252637892642923
-0.010769681516776763,-0.0017763950470598838
-0.016756860110850202,0.003724149576969308
0.008406203382572919,0.012325262642125169
0.02086910346040488,0.004226317110230837
0.004933302079611401,-0.010037082099680574
0.0040510455551109326,-0.025020753960319657
0.007420169348120509,0.00947529713563579
0.012110252189726833,-0.012041965925495047
0.037384692035433265,-0.005505467420518221
0.008361595821356205,0.001335751997621381
0.016821123336539567,0.0033795577572246927
-0.04420052099506744,-0.018802454378318775
0.019731427638182863,0.01354147612318506
-0.00858115696275541,2.5997364121767286e-06
0.009375411628563979,0.008971126862572683
-0.035151609647699145,0.02073419296189288
0.017298497491265608,0.012868039921684567
0.01662534945302724,-0.004520522450684702
-0.012892851983831,-0.012340857630547177
-0.00948888179735674,0.009421720269911343
0.0025011406592583274,-0.004088447171185205
-0.008787726650335503,-0.007711952512926036
0.0063976406592415325,-0.01655335742264387
-0.01192582338649717,-0.0001167701054701157
0.001212368270594566,0.010459095362635382
0.003086748475873591,0.015846993932279466
-0.005606759274780271,0.010854923789804552
0.0041538312934039645,-0.011877696763629344
-0.012800105206963674,-0.009275562286820135
0.01073401746488195,0.006619336500423849
0.005956506392113425,-0.011538145340735953
0.002550880025105895,0.012192035329365972
-0.030327384050308992,0.0019819372889009505
-0.008708302704695359,0.01113565519628577
0.014879217914591902,0.01021806429686728
0.008449135406805475,0.010005741041455074
-0.013379168881452963,-0.022273437512110233
-0.02787807804422132,0.019079272298035035
0.011366888845639245,0.008928306155467096
-0.02000534885153793,-0.004963582192707233
0.02122120280385198,0.010535321255534049
-0.007159699190343538,0.01051068333236821
0.003919715991924533,0.0033114572986078783
0.020528236980493053,0.0012082455571786003
-0.014346690339565427,-0.005038611712259791
-0.03397551070401811,-0.010091600432507406
0.004443764437349063,-0.0015330384698885972
0.012494720806864423,-0.009233907949694347
0.01502839468463385,0.004274583855547325
0.004900709188862207,0.003405315327503605
-0.02354529041737846,-0.013932672346921887
0.0021415001137857215,0.0037731693477914543
0.04899007513535236,0.011673913841860579
-0.008321697553452467,-0.009409183632156374
-0.03552183962216382,0.024198793526195157
0.002425569366028113,0.011417361913654986
-0.003324953376324602,0.005575304689314126
0.0006316229263512163,-0.006761768118494299
-0.0019844836177005387,0.007627662764310723
-0.02030435177352019,-0.0012746253290294128
-0.0007784742444799098,-0.003138355573406611
-0.013028943685315375,0.0071233780478982996
0.01934854485223675,-0.0022388564856299894
-0.024231180254427553,0.0013705833846149006
0.006463080102895147,0.00790641707543378
-0.007374839548736356,0.0038062990679886156
-0.011118113281753161,-0.008433278620565879
-0.010905468807811569,0.0022769487827976253
0.006099779834581709,-0.019087491277292753
-0.02348980997888306,0.0029618783393678865
0.008400938716074613,-0.005620842174302122
0.021278715488425082,0.015147243484230653
-0.014944372205534573,0.010234491686251984
-0.012429590148432812,0.011995523097392498
0.003710171686366337,0.0030011535483067944
0.012738073108573944,-0.004136736086879727
0.005918675942546969,0.00018658646518278626
-0.045690301040478165,0.014018006643363296
0.03909708653463445,0.0010249142051128625
-0.026427279079425603,-0.0015317636944819565
-0.007555094737874302,-0.005250284295994053
-0.0021426014423516215,-0.004524887575956774
-0.01824272360398904,-0.011947692023266315
-0.025790133162799322,-0.021382781786892707
-0.016817429633286862,0.0067241649679198184
-0.0012829535475163412,-0.002648174999755372
-0.019161210052069444,0.007287106441953123
0.0008317216959596863,-0.002647745463674444
-0.017481664577202016,0.004384682676335661
-0.005427496961687095,-0.001752363578330621
0.01226120028872546,0.007416244448213597
0.0056308263502554134,0.003111927996028105
-0.017974925641639272,0.01885408805479824
0.009238443918740513,0.008590568922034648
-0.02630282612662005,0.012777096859352226
-0.025357900360879204,-0.0051378895238572125
-0.006244145723322436,-0.0036727614210800633
-0.009938509879440005,0.013750628209353122
-0.010232965698722063,-0.0008043524614329521
-0.0008285118306411987,0.018279992250768075
-0.032634070861330355,-0.004025621733303638
0.012240438269727705,-0.000952248477701003
-0.028597514515192823,0.011575298040795913
